0.334
22
0 8 9 16 23 24 26 33 35 41 42 49 59 66 69 71 72 73 85 86 93 96 
0 0 0 0 0 0 0 1 1 1 0 0 0 0 0 1 1 0 1 1 0 0 0 0 1 1 0 0 0 0 1 0 0 0 1 0 0 1 1 0 1 0 0 0 0 0 1 1 0 0 0 0 1 0 0 0 0 0 1 0 1 0 1 0 0 1 0 0 0 0 0 0 1 0 0 0 0 0 0 0 1 1 1 1 1 0 0 0 1 0 1 0 0 0 1 1 0 0 1 0 
0 0 1 1 0 1 0 0 0 0 0 0 0 0 0 0 0 0 0 0 0 1 0 0 0 0 0 0 0 1 1 0 0 0 1 0 1 0 1 0 0 0 0 0 0 0 0 0 0 1 1 0 0 0 0 1 1 0 0 0 0 1 0 0 1 1 0 0 0 0 0 0 1 0 0 0 0 1 0 0 0 0 1 0 0 0 0 1 0 1 0 0 0 0 1 0 0 0 0 1 
0 1 0 1 0 0 0 0 0 1 0 0 1 0 1 1 0 0 1 0 0 1 0 0 0 1 0 0 0 0 1 1 0 0 0 1 0 0 0 0 0 0 1 0 0 0 1 0 0 0 0 0 0 0 0 0 0 0 0 0 1 1 0 1 0 0 0 0 0 0 0 0 0 0 0 0 0 0 0 1 1 1 0 0 1 0 0 0 0 1 0 0 0 0 0 0 1 0 0 0 
0 1 1 0 0 0 0 1 1 1 0 0 1 0 0 0 0 1 0 0 0 0 1 0 0 1 1 0 1 1 0 0 0 1 0 1 1 1 0 0 0 0 0 0 0 0 1 1 0 0 0 0 0 1 0 0 1 0 0 1 0 1 1 0 0 0 0 0 0 0 0 1 0 0 0 0 1 1 0 0 0 1 0 1 0 0 0 0 0 0 1 1 0 0 1 0 0 0 1 0 
0 0 0 0 0 1 1 1 0 0 0 0 0 0 0 0 1 0 1 1 0 1 1 0 0 0 1 0 1 1 0 0 0 0 1 0 0 0 1 0 1 0 0 0 1 0 0 0 0 0 0 1 1 1 0 1 1 1 0 0 0 1 1 1 0 1 0 0 1 0 0 0 0 0 0 1 0 0 1 1 0 0 1 0 0 0 0 0 0 0 1 0 1 0 0 1 1 0 1 0 
0 1 0 0 1 0 0 1 0 1 0 1 0 0 1 1 1 1 0 0 0 0 1 0 0 0 0 0 0 1 0 0 0 0 0 0 1 0 1 0 1 1 0 1 0 0 1 1 0 0 0 0 0 0 0 0 1 0 0 1 1 0 0 1 0 0 0 0 0 0 0 0 0 0 0 0 1 0 0 0 1 0 1 0 0 0 0 0 1 0 0 1 0 0 0 0 1 0 1 1 
0 0 0 0 1 0 0 0 0 0 0 0 0 0 0 0 0 0 0 1 0 0 0 1 1 0 0 0 0 1 0 0 0 0 0 0 0 0 0 1 0 0 0 0 0 1 1 1 0 1 0 0 1 0 0 0 1 1 0 1 0 0 0 0 0 1 1 0 1 0 1 0 1 0 1 0 0 1 0 1 0 0 1 0 1 0 0 0 0 1 1 1 1 1 1 1 1 0 1 1 
1 0 0 1 1 1 0 0 1 1 0 0 0 0 1 0 0 0 0 0 1 0 0 0 1 0 0 0 1 0 0 0 0 1 0 0 0 0 1 0 1 0 1 1 0 0 0 0 0 1 0 0 0 0 0 1 0 0 0 1 1 0 0 0 0 0 0 0 0 0 0 1 0 0 0 0 0 1 0 0 0 0 1 0 1 0 0 0 0 0 0 0 0 0 0 1 1 0 0 0 
1 0 0 1 0 0 0 1 0 0 1 0 1 1 1 0 1 0 0 0 0 1 0 1 0 0 0 0 1 1 0 0 1 1 1 0 0 1 1 0 1 0 1 0 0 1 1 1 1 1 0 0 0 0 1 0 1 0 0 0 0 0 0 1 0 1 0 1 1 1 0 0 0 0 0 0 0 0 0 0 0 1 0 1 0 1 0 0 0 1 1 0 1 0 0 1 0 0 1 0 
1 0 1 1 0 1 0 1 0 0 0 0 0 0 1 0 0 0 0 0 0 0 0 0 0 0 1 0 0 1 0 0 0 0 0 0 0 1 0 1 1 0 0 0 1 1 0 0 1 1 0 0 0 0 0 1 1 0 0 0 0 1 0 0 0 0 1 0 0 0 1 0 1 1 0 1 0 0 0 1 1 1 0 1 0 0 1 0 0 0 0 0 0 0 0 0 0 0 0 0 
0 0 0 0 0 0 0 0 1 0 0 0 0 0 0 1 0 1 0 0 1 0 0 1 0 1 0 0 0 0 0 0 0 0 1 0 1 0 0 0 0 0 0 0 0 1 0 0 1 0 0 1 0 0 1 0 1 0 0 0 1 0 0 0 0 1 1 0 1 0 0 0 0 1 0 0 0 0 0 0 0 0 1 0 1 0 0 0 0 0 0 0 1 0 1 0 0 0 0 1 
0 0 0 0 0 1 0 0 0 0 0 0 0 1 0 1 0 1 0 0 0 0 0 0 0 0 1 0 0 1 0 0 0 0 1 0 1 1 0 0 0 1 0 1 0 0 0 0 0 0 1 0 0 0 0 1 0 0 1 0 0 0 0 0 0 0 0 0 1 0 0 1 0 0 0 0 0 1 1 0 0 1 1 0 0 0 0 0 1 0 0 1 0 0 1 0 1 1 0 0 
0 0 1 1 0 0 0 0 1 0 0 0 0 0 0 1 0 0 0 1 1 0 0 0 1 0 1 0 1 0 1 0 0 0 1 0 0 0 0 1 0 1 1 0 0 0 0 0 1 0 1 1 0 1 1 1 1 0 0 0 0 0 0 0 0 1 0 0 0 0 0 1 0 0 1 1 0 1 0 0 0 0 1 0 1 0 1 0 0 0 1 0 0 0 0 0 1 1 0 0 
0 0 0 0 0 0 0 0 1 0 0 1 0 0 0 1 1 0 0 0 0 0 1 0 0 1 0 1 1 0 0 0 0 0 0 0 0 0 0 0 1 0 0 0 0 0 1 1 0 0 0 0 0 0 0 0 0 0 0 0 1 0 1 0 0 0 0 0 0 0 1 1 0 0 1 0 1 0 1 1 0 0 0 1 0 1 0 0 0 0 0 0 0 0 0 0 0 0 1 0 
0 0 1 0 0 1 0 1 1 1 0 0 0 0 0 0 0 1 0 1 1 1 1 0 1 0 0 1 1 0 0 0 0 1 1 0 1 0 1 1 0 1 1 0 0 0 0 1 0 0 0 0 0 0 0 0 0 0 0 0 0 1 1 0 0 0 0 1 1 0 1 0 1 0 0 0 0 0 0 0 1 1 0 1 1 1 0 0 1 1 1 0 0 1 0 0 0 0 0 0 
1 0 1 0 0 1 0 0 0 0 1 1 1 1 0 0 1 0 1 1 0 0 1 0 0 0 0 0 0 0 0 0 0 0 1 1 1 0 0 1 0 0 0 0 1 0 0 0 0 1 0 0 1 0 0 0 1 0 0 1 1 1 0 0 1 0 1 0 0 0 0 1 0 0 0 0 1 0 0 1 1 0 1 1 0 0 1 0 1 0 0 0 0 0 0 0 0 0 0 0 
1 0 0 0 1 1 0 0 1 0 0 0 0 1 0 1 0 0 0 0 0 0 0 1 0 0 0 0 1 0 0 1 1 0 0 1 1 0 0 0 0 1 1 0 0 1 1 0 0 0 0 1 0 0 0 1 0 0 0 1 0 1 1 1 0 0 0 0 1 1 0 0 0 0 0 0 1 0 0 1 1 0 0 1 0 0 0 1 1 0 1 1 0 0 1 0 1 0 0 1 
0 0 0 1 0 1 0 0 0 0 1 1 0 0 1 0 0 0 0 0 0 0 1 0 0 1 0 0 0 0 0 0 0 0 0 1 0 1 0 1 1 0 0 0 0 1 1 0 0 0 0 1 0 0 0 1 0 0 0 0 0 0 0 0 0 0 0 0 0 0 0 0 0 1 0 0 0 0 0 0 0 0 0 0 0 1 0 1 1 0 0 1 0 0 1 0 1 0 1 0 
1 0 1 0 1 0 0 0 0 0 0 0 0 0 0 1 0 0 0 0 0 0 1 0 1 0 0 0 0 0 0 0 0 1 0 0 1 0 0 0 0 0 1 1 0 1 1 0 1 0 0 0 0 0 0 0 0 1 0 1 0 0 0 0 0 0 1 0 0 1 0 0 0 0 0 0 0 1 1 1 0 1 0 0 1 0 0 1 1 0 0 1 0 0 1 1 0 0 0 0 
1 0 0 0 1 0 1 0 0 0 0 0 1 0 1 1 0 0 0 0 0 1 0 1 1 1 0 0 0 0 0 1 1 0 0 0 0 1 0 0 0 0 1 1 0 0 0 0 0 1 0 1 1 1 0 0 0 0 0 0 0 0 1 0 1 0 0 0 1 0 1 0 1 0 0 0 0 1 0 0 0 1 1 1 0 0 1 0 0 0 0 0 0 0 0 1 0 0 0 0 
0 0 0 0 0 0 0 1 0 0 1 0 1 0 1 0 0 0 0 0 0 0 0 0 0 0 1 0 0 0 0 0 1 0 0 0 1 1 0 0 0 0 1 0 0 0 0 0 1 0 0 1 0 0 0 1 0 1 0 0 0 0 0 0 0 0 0 1 1 0 1 0 1 0 0 0 0 0 0 1 0 0 0 0 0 0 0 0 0 1 0 0 0 1 0 0 0 0 0 0 
0 1 1 0 1 0 0 0 1 0 0 0 0 0 1 0 0 0 0 1 0 0 1 0 1 0 0 0 1 0 1 0 1 0 0 0 1 1 1 1 1 0 0 0 1 1 0 0 0 1 1 1 0 0 0 0 1 0 0 0 0 0 1 0 1 0 1 0 0 0 1 0 1 0 0 0 0 0 0 0 0 0 1 0 1 0 0 0 0 0 1 0 1 0 1 0 0 0 1 0 
0 0 0 1 1 1 0 0 0 0 0 0 0 1 1 1 0 1 1 0 0 1 0 1 0 0 1 0 0 0 0 0 0 0 0 0 0 1 0 0 0 0 0 0 0 1 0 0 0 0 0 1 0 1 0 0 0 1 0 0 0 0 0 1 0 0 0 1 0 1 0 0 0 0 0 0 0 1 0 0 0 0 1 0 0 0 1 0 1 1 0 0 1 1 1 0 1 1 0 1 
0 0 0 0 0 0 1 0 1 0 1 0 0 0 0 0 1 0 0 1 0 0 1 0 0 0 0 1 0 1 1 1 1 0 0 1 1 0 0 0 0 0 0 0 0 0 1 0 1 0 1 0 1 1 1 0 0 1 0 0 0 1 0 0 1 0 0 1 0 0 0 0 0 0 0 0 1 1 1 1 0 0 1 0 1 0 0 0 0 0 0 0 0 0 1 0 0 1 1 1 
1 0 0 0 0 0 1 1 0 0 0 0 1 0 1 0 0 0 1 1 0 1 0 0 0 0 0 1 0 1 0 1 0 1 0 0 1 1 1 0 0 0 0 0 0 0 0 0 0 1 0 1 0 1 0 0 0 0 0 0 1 0 1 1 1 0 0 0 1 0 1 0 0 0 0 1 0 0 1 0 1 0 0 1 1 0 0 0 0 0 1 0 1 1 1 0 1 0 1 1 
1 0 1 1 0 0 0 0 0 0 1 0 0 1 0 0 0 1 0 1 0 0 0 0 0 0 0 0 1 1 0 0 0 0 1 0 0 0 0 0 0 0 0 0 0 1 0 1 0 0 0 0 0 0 0 1 1 1 1 0 1 0 0 1 0 1 1 1 0 1 0 0 0 0 1 1 0 0 0 1 1 1 1 0 1 0 0 0 0 1 0 1 0 0 1 0 0 1 0 0 
0 0 0 1 1 0 0 0 0 1 0 1 1 0 0 0 0 0 0 0 1 0 1 0 0 0 0 1 1 0 0 0 0 0 1 0 0 0 0 0 0 0 1 0 0 1 1 1 0 0 0 0 0 0 0 0 1 1 1 0 0 0 0 0 1 0 0 0 0 0 0 0 0 0 0 0 0 0 0 0 1 1 1 0 0 1 0 1 0 0 1 0 1 0 0 0 0 1 1 1 
0 0 0 0 0 0 0 0 0 0 0 0 0 1 1 0 0 0 0 0 0 0 0 1 1 0 1 0 0 1 0 0 0 0 0 0 0 0 1 1 0 1 1 1 0 0 0 0 1 0 0 0 0 0 1 0 0 0 0 1 0 1 0 0 0 0 0 0 1 0 1 0 1 0 0 0 1 0 1 1 0 0 0 1 0 0 0 1 1 0 0 0 0 0 1 0 0 0 0 0 
0 0 0 1 1 0 0 1 1 0 0 0 1 1 1 0 1 0 0 0 0 1 0 0 0 1 1 0 0 1 0 1 0 0 0 0 0 1 1 0 1 1 0 0 1 0 0 1 0 0 1 1 0 0 0 0 0 1 0 1 0 1 1 0 0 1 0 1 1 1 0 1 0 0 1 0 0 0 0 0 1 0 0 1 1 0 1 0 0 0 1 1 0 0 0 0 1 1 1 0 
0 1 0 1 1 1 1 0 1 1 0 1 0 0 0 0 0 0 0 0 0 0 0 1 1 1 0 1 1 0 0 0 0 0 0 0 0 0 0 0 0 0 0 1 1 1 0 0 0 1 0 0 0 0 0 0 1 0 0 0 0 0 1 0 0 1 0 0 1 1 0 1 0 0 0 0 0 0 0 0 1 1 0 0 0 0 1 0 0 0 0 1 0 1 0 0 0 0 0 0 
1 1 1 0 0 0 0 0 0 0 0 0 1 0 0 0 0 0 0 0 0 1 0 1 0 0 0 0 0 0 0 0 0 0 1 0 0 1 0 0 0 0 1 1 0 0 1 1 0 1 1 0 0 1 0 0 0 1 1 1 1 0 0 0 0 0 0 0 1 0 0 0 1 1 1 0 1 1 0 1 1 0 1 0 0 0 0 1 1 1 0 0 1 0 0 0 0 0 0 0 
0 0 1 0 0 0 0 0 0 0 0 0 0 0 0 0 1 0 0 1 0 0 0 1 1 0 0 0 1 0 0 0 0 1 0 0 0 0 1 0 0 1 0 0 1 0 0 1 1 0 0 0 0 0 0 0 1 0 0 0 0 0 0 1 0 0 0 0 0 0 0 0 0 0 0 0 1 1 0 0 0 0 1 0 0 0 0 0 0 1 1 1 0 1 1 1 1 1 1 0 
0 0 0 0 0 0 0 0 1 0 0 0 0 0 0 0 1 0 0 1 1 1 0 1 0 0 0 0 0 0 0 0 0 0 1 1 0 1 0 0 0 0 1 1 0 0 1 1 1 1 1 1 0 1 1 0 1 0 0 0 0 0 0 0 0 0 1 0 1 0 0 0 0 0 0 1 1 0 0 0 1 0 1 1 0 1 1 0 0 0 0 1 0 0 0 0 0 0 0 0 
0 0 0 1 0 0 0 1 1 0 0 0 0 0 1 0 0 0 1 0 0 0 0 0 1 0 0 0 0 0 0 1 0 0 1 0 0 0 0 0 0 0 1 1 0 0 1 0 0 0 1 0 0 0 1 1 1 0 0 1 0 0 0 0 1 1 1 1 0 0 0 0 0 0 0 1 0 0 1 1 0 0 0 0 1 1 0 1 1 0 0 1 1 1 1 1 0 0 1 0 
1 1 0 0 1 0 0 0 1 0 1 1 1 0 1 1 0 0 0 0 0 0 0 0 0 1 1 0 0 0 1 0 1 1 0 1 1 1 0 1 1 0 1 0 1 0 0 0 0 0 0 1 0 1 0 1 1 1 0 1 0 0 1 1 0 0 0 0 0 0 1 1 1 1 1 0 0 0 0 1 1 0 0 0 0 0 0 0 0 0 1 0 0 0 0 0 1 1 0 0 
0 0 1 1 0 0 0 0 0 0 0 0 0 0 0 1 1 1 0 0 0 0 0 1 0 0 0 0 0 0 0 0 1 0 1 0 0 1 0 0 1 0 1 0 0 0 1 0 0 0 0 1 0 1 0 1 0 0 0 0 0 0 0 1 0 0 1 0 0 0 1 0 0 0 1 0 0 1 0 0 1 0 1 1 0 1 0 0 0 0 0 0 0 1 0 0 0 0 0 0 
0 1 0 1 0 1 0 0 0 0 1 1 0 0 1 1 1 0 1 0 1 1 0 1 1 0 0 0 0 0 0 0 0 0 1 0 0 0 1 0 0 1 0 0 0 0 1 0 1 0 1 0 0 0 0 0 0 0 0 0 0 0 0 1 1 0 1 1 1 1 0 0 1 0 0 0 0 0 0 0 1 1 0 0 0 1 0 0 0 0 1 1 1 0 0 0 0 0 0 1 
1 0 0 1 0 0 0 0 1 1 0 1 0 0 0 0 0 1 0 1 1 1 1 0 1 0 0 0 1 0 1 0 1 0 1 1 0 0 0 0 0 0 0 0 1 0 0 1 1 0 0 0 0 1 1 0 1 0 0 0 0 1 0 0 1 0 0 1 1 0 0 0 1 0 0 1 0 1 1 0 0 0 0 0 0 0 1 0 0 1 1 0 0 1 0 0 0 0 0 0 
1 1 0 0 1 1 0 1 1 0 0 0 0 0 1 0 0 0 0 0 0 1 0 0 1 0 0 1 1 0 0 1 0 0 0 0 1 0 0 0 0 0 0 0 0 1 0 0 1 1 0 0 0 0 1 1 0 1 1 1 1 1 1 1 1 1 0 0 1 1 0 0 0 0 0 0 1 0 0 0 0 1 0 1 0 0 0 0 0 0 1 1 1 1 0 1 1 1 0 1 
0 0 0 0 0 0 1 0 0 1 0 0 1 0 1 1 0 1 0 0 0 1 0 0 0 0 0 1 0 0 0 0 0 0 1 0 0 0 0 0 0 0 1 0 1 0 0 1 0 0 0 0 1 1 0 0 1 1 0 1 0 0 0 0 1 0 0 0 0 1 0 1 0 0 0 0 0 0 0 0 1 0 0 0 1 0 0 0 0 0 0 0 0 0 0 0 0 1 0 0 
1 0 0 0 1 1 0 1 1 1 0 0 0 1 0 0 0 1 0 0 0 1 0 0 0 0 0 0 1 0 0 0 0 0 1 1 0 0 0 0 0 1 0 0 0 0 1 1 1 0 0 0 0 0 1 0 0 1 0 0 0 0 0 1 0 0 0 0 1 0 0 1 1 0 0 0 1 1 0 0 1 0 0 0 0 1 0 0 0 1 1 0 0 1 0 0 0 1 1 0 
0 0 0 0 0 1 0 0 0 0 0 1 1 0 1 0 1 0 0 0 0 0 0 0 0 0 0 1 1 0 0 1 0 0 0 0 1 0 0 0 1 0 1 0 0 0 0 0 0 0 0 0 0 1 1 1 0 0 0 0 1 0 0 1 1 0 0 0 1 0 0 1 0 0 0 1 0 0 0 0 0 0 1 0 0 0 0 0 0 1 0 0 1 0 0 1 1 0 0 0 
0 0 1 0 0 0 0 1 1 0 0 0 1 0 1 0 1 0 1 1 1 0 0 0 0 0 1 1 0 0 1 0 1 1 1 1 0 0 0 1 0 1 0 0 0 1 1 0 0 0 1 0 0 0 0 0 0 0 0 0 0 0 0 0 0 0 0 1 1 0 0 1 1 1 0 1 0 0 0 0 0 0 0 0 1 0 1 0 1 0 0 0 0 0 1 1 0 0 0 0 
0 0 0 0 0 1 0 1 0 0 0 1 0 0 0 0 0 0 1 1 0 0 0 0 0 0 0 1 0 1 1 0 1 1 0 0 0 0 0 0 0 0 0 0 0 0 0 0 1 1 0 1 0 1 1 0 1 1 0 0 0 0 0 0 0 0 1 1 1 1 0 0 0 1 0 0 0 0 1 0 0 1 1 0 0 0 0 0 1 0 1 0 0 0 0 0 0 1 0 0 
0 0 0 0 1 0 0 0 0 1 0 0 0 0 0 1 0 0 0 0 0 1 0 0 0 0 0 0 1 1 0 1 0 0 1 0 0 1 0 1 0 0 0 0 0 0 0 0 0 1 1 1 1 0 0 0 0 0 0 0 1 1 0 0 0 0 0 0 0 0 1 0 1 0 0 0 0 0 0 1 1 0 0 0 0 1 0 0 0 0 0 0 0 1 0 0 0 0 1 1 
0 0 0 0 0 0 1 0 1 1 1 0 0 0 0 0 1 1 1 0 0 1 1 0 0 1 1 0 0 1 0 0 0 0 0 0 0 0 1 0 0 0 1 0 0 0 0 1 1 0 0 1 0 0 1 1 0 0 1 0 0 0 1 1 1 1 0 0 0 0 0 1 0 0 1 0 0 0 0 0 0 1 0 1 0 0 1 0 0 0 0 1 0 0 1 0 0 1 1 0 
1 0 1 1 0 1 1 0 1 0 0 0 0 1 0 0 1 1 1 0 0 0 0 1 0 0 1 0 0 0 1 0 1 1 0 1 1 0 0 0 1 0 1 0 0 0 0 1 0 1 1 0 1 1 0 1 0 1 0 1 0 0 1 0 0 0 1 1 0 0 0 1 0 0 0 1 1 0 0 0 1 0 0 0 0 0 1 1 0 0 1 0 0 1 0 0 0 1 0 1 
1 0 0 1 0 1 1 0 1 0 0 0 0 1 1 0 0 0 0 0 0 0 0 0 0 1 1 0 1 0 1 1 1 0 0 0 0 1 0 1 1 0 0 0 0 1 1 0 0 0 0 0 0 1 0 0 0 0 0 1 0 1 0 1 0 0 0 0 0 1 0 1 1 0 1 1 0 0 0 0 1 0 0 1 0 0 0 0 0 0 0 0 0 1 0 1 1 1 0 0 
0 0 0 0 0 0 0 0 1 1 1 0 1 0 0 0 0 0 1 0 1 0 0 1 0 0 0 1 0 0 0 1 1 0 0 0 1 1 1 0 1 0 0 1 0 1 0 0 0 0 0 0 0 0 1 1 1 0 0 1 0 0 0 0 1 0 0 0 1 0 0 0 0 0 0 0 1 1 0 1 0 0 0 1 0 0 1 0 0 1 0 1 1 0 0 0 0 1 0 0 
0 1 0 0 0 0 1 1 1 1 0 0 0 0 0 1 0 0 0 1 0 1 0 0 1 0 0 0 0 1 1 0 1 0 0 0 0 0 1 0 0 0 0 1 1 0 1 0 0 0 1 0 1 0 0 0 1 0 1 1 0 0 0 1 0 1 0 0 1 1 0 1 0 0 0 1 0 0 1 1 1 1 1 0 0 0 0 0 1 0 1 1 1 0 0 0 0 0 0 0 
0 1 0 0 0 0 0 0 0 0 0 1 1 0 0 0 0 0 0 0 0 1 0 1 0 0 0 0 1 0 1 0 1 1 0 0 1 0 0 0 0 0 1 0 1 0 1 0 0 1 0 0 0 1 1 0 0 0 0 0 0 0 0 0 0 0 1 0 0 0 0 1 0 0 0 0 0 1 1 1 0 0 0 1 1 1 1 1 0 0 1 1 1 0 0 0 0 0 0 0 
0 0 0 0 1 0 0 0 0 0 1 0 1 0 0 0 1 1 0 1 1 1 1 0 1 0 0 0 1 0 0 0 1 0 1 1 0 0 0 0 0 0 0 1 1 1 0 0 0 0 0 0 0 0 1 0 1 1 0 1 1 1 1 1 1 1 0 0 1 0 0 1 0 1 1 0 0 0 0 0 1 1 0 0 0 0 0 1 1 0 0 1 1 1 1 1 0 1 0 0 
1 0 0 0 1 0 1 0 0 0 0 0 0 0 0 1 0 0 0 1 0 0 0 1 0 0 0 0 0 0 0 0 0 0 0 0 0 0 0 1 0 0 0 0 1 0 1 0 0 1 0 0 0 1 0 0 0 0 0 0 0 0 0 1 0 0 0 1 1 0 1 0 1 0 0 0 1 1 0 1 0 0 0 1 1 1 1 1 1 1 0 0 0 0 1 0 0 0 1 0 
0 0 0 1 1 0 0 0 0 0 0 0 1 0 0 0 0 0 0 1 0 0 1 1 1 0 0 0 0 0 1 0 1 0 1 1 0 1 0 1 0 1 0 1 0 0 1 1 0 0 1 0 1 0 0 1 0 0 0 1 0 0 1 1 0 1 0 0 0 0 0 0 0 0 1 0 0 1 0 0 1 1 0 1 0 1 1 0 0 0 1 0 0 0 0 0 1 0 0 0 
0 0 0 0 0 0 0 0 1 0 1 0 1 0 0 0 0 0 0 0 0 0 0 1 0 0 0 1 0 0 0 0 1 1 0 0 0 1 1 0 1 1 0 1 0 1 0 0 1 0 1 1 0 0 0 0 0 1 0 1 1 0 0 0 0 0 1 0 0 1 0 0 0 1 0 0 1 0 0 0 1 1 0 1 0 0 0 1 0 0 0 0 0 0 1 0 0 1 1 1 
0 1 0 0 1 0 0 1 0 1 0 1 1 0 0 0 1 1 0 0 1 0 0 0 0 1 0 0 0 0 0 0 0 1 1 1 0 0 1 0 0 1 0 0 0 1 1 0 1 0 0 0 0 1 0 0 0 0 1 1 0 0 1 1 1 0 1 0 0 0 0 0 0 0 0 0 1 0 1 1 1 1 1 0 1 0 0 1 0 0 0 0 0 0 0 0 0 1 0 0 
0 1 0 1 1 1 1 0 1 1 1 0 1 0 0 1 0 0 0 0 0 1 0 0 0 1 1 0 0 1 0 1 1 1 1 0 0 1 0 1 0 0 0 1 0 0 0 0 1 1 0 1 0 0 0 0 0 0 1 0 1 0 1 1 0 0 0 0 0 0 0 1 0 0 1 0 0 1 0 0 1 0 0 1 0 1 1 0 1 0 0 0 1 0 0 0 1 0 0 1 
0 0 0 0 1 0 1 0 0 0 0 0 0 0 0 0 0 0 1 0 1 0 1 1 0 1 1 0 1 0 1 0 0 0 1 0 0 0 1 1 1 0 0 1 0 0 1 0 0 0 0 1 0 0 1 0 0 0 0 1 0 0 0 0 0 0 1 1 0 1 0 0 0 0 0 1 0 0 1 1 0 0 1 0 0 1 0 0 0 1 1 1 0 1 0 1 0 1 1 0 
1 0 0 0 0 0 0 0 0 0 0 1 0 0 0 0 0 0 0 0 0 0 0 0 0 1 1 0 0 0 1 0 0 0 0 0 0 0 1 0 0 0 0 0 0 1 0 0 0 1 0 0 0 0 0 1 1 0 0 1 0 1 1 0 1 0 1 0 1 0 0 1 0 0 1 1 1 0 0 0 0 0 0 0 0 0 0 0 0 0 0 1 0 1 0 1 1 0 1 0 
0 0 0 1 0 1 1 1 0 0 0 0 0 0 0 1 1 0 1 0 0 0 0 0 0 0 0 1 1 0 1 0 0 1 1 0 0 0 1 1 0 0 0 0 0 0 1 1 1 1 0 1 0 1 1 1 0 1 1 0 1 0 0 1 1 0 0 1 0 1 1 1 1 1 0 0 0 1 0 0 1 0 0 0 0 1 0 0 0 0 0 0 0 0 0 0 0 1 0 1 
1 0 1 0 0 1 0 1 0 0 1 0 0 1 0 1 0 0 0 0 0 0 0 0 1 1 0 0 0 0 1 0 0 0 0 0 0 0 1 0 0 1 0 0 1 0 0 0 0 0 0 1 0 0 1 0 1 0 0 1 0 0 0 0 1 0 1 0 0 0 1 0 1 0 1 0 0 0 1 0 0 0 0 0 0 1 1 0 1 1 0 0 1 1 0 1 0 0 0 0 
0 1 1 1 1 0 0 0 0 1 0 0 0 0 1 1 1 0 0 0 0 0 0 1 0 0 0 1 1 0 0 0 0 0 0 0 0 1 1 0 0 0 0 0 1 0 0 1 0 0 0 1 0 0 0 0 0 0 1 0 0 0 0 1 1 1 0 0 0 0 1 0 0 0 0 0 0 1 0 0 0 0 1 0 0 0 0 0 0 0 1 1 1 0 0 0 1 0 1 0 
1 0 0 1 1 0 0 0 0 0 0 0 0 1 1 0 1 0 0 1 0 1 0 0 1 0 0 0 1 1 0 0 0 0 1 0 0 0 1 0 0 0 0 0 0 1 1 0 0 0 0 1 0 1 0 1 1 0 1 0 0 0 0 1 0 0 1 0 0 0 0 0 1 0 1 0 1 0 1 1 0 0 0 1 1 0 0 0 0 1 1 0 0 0 1 1 0 1 1 0 
0 0 1 0 1 1 0 0 1 0 0 0 0 0 0 0 1 0 0 0 0 0 1 0 1 1 0 0 0 0 0 1 0 0 1 1 1 0 1 0 1 1 0 0 0 1 0 1 0 1 0 1 1 1 0 1 1 0 0 1 0 1 1 0 1 1 0 0 0 0 1 0 0 1 0 0 1 1 0 0 0 0 0 0 0 0 1 0 1 0 1 0 0 1 0 1 0 0 0 0 
0 1 0 0 0 0 0 0 0 0 0 0 0 0 0 1 0 0 0 1 0 1 0 1 1 0 1 0 0 0 0 0 0 1 0 0 1 1 1 1 0 1 0 0 0 1 0 0 1 0 0 1 0 0 0 1 0 0 1 1 1 1 0 1 0 0 0 1 0 0 0 1 0 0 0 0 0 0 1 0 1 0 0 1 0 1 0 0 1 1 0 0 0 0 1 1 1 0 0 1 
1 1 0 0 1 0 1 0 1 0 1 0 1 0 0 0 0 0 0 0 0 0 0 0 0 1 0 0 1 1 0 0 0 1 0 0 0 0 1 0 0 0 0 0 0 1 0 0 0 1 0 1 0 1 0 0 0 0 0 0 0 1 0 1 0 0 0 0 0 1 0 0 1 1 0 1 1 0 1 0 1 0 1 0 0 0 0 0 0 1 0 0 0 0 0 0 1 0 0 1 
0 0 0 0 0 0 1 0 0 1 1 0 0 0 0 1 0 0 1 0 0 1 0 0 0 1 0 0 0 0 0 0 1 1 0 1 1 0 0 0 0 0 0 1 0 0 1 0 0 0 1 0 0 0 1 1 0 1 1 0 1 0 1 0 0 0 0 1 1 0 0 0 0 0 0 0 0 0 0 0 0 1 0 0 1 0 0 0 0 0 0 0 0 0 0 1 0 0 1 0 
0 0 0 0 0 0 0 0 1 0 0 0 0 0 1 0 0 0 0 0 1 0 1 1 0 1 0 0 1 0 0 0 0 1 0 0 1 1 0 0 0 0 1 1 0 0 1 0 0 0 0 0 1 0 0 0 0 1 0 1 0 0 0 0 1 0 1 0 1 1 0 0 0 0 0 0 0 0 0 0 0 1 1 1 0 0 1 0 0 0 1 0 0 0 0 0 0 1 0 1 
0 0 0 0 1 0 1 0 1 0 1 1 0 0 1 0 1 0 0 1 1 0 0 0 1 0 0 1 1 1 1 0 1 0 0 0 1 1 1 0 1 1 1 1 0 0 0 0 1 1 0 1 1 0 0 0 0 0 1 0 0 0 0 0 0 0 1 1 0 1 0 1 0 1 0 0 0 0 0 0 1 0 1 0 0 0 0 0 0 1 0 1 0 0 1 0 0 0 0 1 
0 0 0 0 0 0 0 0 1 0 0 0 0 0 0 0 1 0 1 0 0 0 1 0 0 1 0 0 1 1 0 0 0 0 0 0 1 0 1 1 0 0 0 1 0 0 0 1 0 1 0 0 0 0 1 0 0 1 0 1 0 0 0 0 0 1 0 1 1 0 0 0 1 0 0 1 0 0 1 1 0 1 0 0 0 1 1 0 1 0 0 0 0 0 0 1 0 0 0 0 
0 0 0 0 0 0 1 0 0 1 0 0 0 1 1 0 0 0 0 1 1 1 0 0 1 0 0 1 0 0 0 0 0 0 1 1 0 0 0 0 0 0 0 0 1 0 0 0 0 0 0 0 1 0 0 0 0 0 0 1 1 1 0 1 0 0 0 0 0 0 0 0 0 0 0 1 1 1 0 0 0 0 0 1 0 1 0 1 0 0 1 1 0 0 0 1 0 0 0 0 
0 0 0 1 0 0 0 1 0 0 0 1 1 1 0 1 0 0 0 0 0 0 0 0 0 0 0 0 1 1 0 0 0 0 1 0 0 0 0 1 1 1 1 0 0 1 1 1 0 1 1 1 0 0 0 0 1 0 1 1 0 0 0 0 1 0 0 0 1 0 0 0 1 0 0 0 0 0 0 0 1 1 0 1 0 0 0 0 0 0 1 0 0 1 0 0 0 1 1 0 
1 1 0 0 0 0 1 0 0 1 0 0 0 0 1 0 0 0 0 1 1 1 0 0 0 0 0 1 0 0 1 0 0 0 1 0 1 1 0 0 1 0 1 0 1 0 0 1 0 0 0 0 1 0 0 0 0 0 0 1 1 0 1 0 0 1 0 0 0 1 0 1 0 0 0 0 1 0 1 0 1 0 0 0 0 1 0 0 0 1 0 1 1 1 0 1 0 0 0 0 
0 0 0 0 0 0 0 0 0 1 1 0 0 0 0 0 0 1 0 0 0 0 0 0 0 0 0 0 0 0 1 0 0 0 1 0 0 0 0 0 0 0 1 1 0 0 0 0 0 0 0 1 0 0 1 0 0 0 0 1 0 0 0 1 0 1 0 0 1 0 0 0 0 0 1 0 0 0 0 0 1 0 1 0 0 0 0 0 0 1 1 0 1 0 0 0 1 0 0 0 
0 0 0 0 0 0 1 0 0 0 0 0 1 1 0 0 0 0 0 0 0 0 0 0 0 1 0 0 1 0 1 0 0 0 1 1 0 0 0 0 0 0 0 0 0 1 0 1 0 0 0 1 0 1 0 0 1 0 1 0 1 0 1 0 0 0 0 0 0 0 0 0 0 1 0 1 0 0 1 0 0 1 1 1 0 0 0 1 0 0 0 0 0 0 1 1 0 0 0 1 
0 0 0 0 1 0 0 0 0 1 0 0 1 0 0 0 0 0 0 0 0 0 0 0 1 1 0 0 0 0 0 0 1 1 0 0 0 1 0 0 0 1 1 0 0 0 1 1 0 1 0 0 0 0 0 0 0 1 1 0 0 0 0 0 0 1 0 0 0 1 1 0 0 0 1 0 0 1 1 0 1 1 0 0 1 0 0 0 0 0 0 0 0 1 1 0 0 0 0 0 
0 0 0 1 0 1 0 0 0 0 0 0 0 1 0 1 1 0 0 0 0 0 0 1 0 0 0 1 0 0 1 1 1 0 0 0 0 0 1 0 1 0 0 0 0 0 1 0 1 0 0 0 1 0 1 1 0 0 1 0 0 0 1 1 0 1 0 0 0 0 1 0 1 0 0 0 0 0 0 1 0 1 0 1 0 1 0 0 0 0 1 1 1 0 1 0 1 0 0 0 
0 1 0 1 0 0 1 1 0 0 0 1 1 0 0 0 0 0 1 1 0 0 1 1 0 0 0 0 0 0 1 1 0 0 0 1 0 1 0 0 1 0 0 0 0 0 0 0 1 0 1 0 1 1 0 0 1 0 0 1 0 1 0 1 0 0 0 0 0 0 1 0 0 0 0 1 0 0 0 0 0 0 1 0 0 0 0 0 1 0 0 1 0 0 1 0 0 0 0 1 
0 0 0 0 1 0 0 0 0 0 0 1 0 1 0 0 0 0 1 0 0 0 0 1 1 0 0 1 0 0 0 0 0 1 0 0 0 1 0 0 0 0 0 1 0 0 0 0 0 1 1 0 0 0 0 1 0 1 0 0 1 0 1 0 1 1 0 0 0 1 0 0 1 0 1 1 0 0 0 1 0 0 0 0 0 0 0 0 0 1 0 0 1 1 0 0 0 0 1 1 
0 0 1 0 1 0 1 0 0 1 0 0 0 1 0 1 1 0 1 0 1 0 0 1 0 1 0 1 0 0 1 0 0 1 1 0 0 0 0 0 0 0 0 0 1 0 0 0 1 1 1 0 1 0 0 1 0 1 0 0 0 0 1 0 0 0 0 0 0 1 0 0 0 0 0 0 1 0 1 0 0 1 0 0 0 0 0 0 1 0 0 0 0 0 0 0 1 0 1 1 
1 0 1 0 0 1 0 0 0 1 0 0 0 0 1 1 1 0 0 0 0 0 0 0 1 1 1 0 1 1 1 0 1 0 1 1 1 0 0 1 1 0 0 0 1 0 1 1 0 1 0 1 0 1 1 1 1 0 0 1 0 0 0 0 1 1 0 0 1 0 0 1 1 1 0 1 0 0 0 0 0 0 0 0 0 0 0 0 1 0 0 0 1 1 0 0 0 0 1 0 
1 0 1 1 0 0 0 0 1 1 0 1 0 0 1 0 0 0 1 1 0 0 0 0 0 1 1 0 0 1 0 0 0 0 0 0 1 0 1 0 0 0 0 1 0 1 0 0 0 1 0 1 0 1 1 1 0 0 0 0 0 0 0 0 0 0 1 1 0 1 0 1 0 0 1 1 1 0 0 1 0 0 0 1 0 0 0 0 0 1 0 1 1 1 0 0 0 0 1 0 
1 1 0 0 1 1 1 1 0 0 1 1 1 0 0 1 0 0 0 1 0 1 1 1 0 1 1 0 0 0 1 1 1 0 0 1 0 0 0 0 0 1 0 1 0 0 0 0 0 1 0 0 0 0 0 1 0 1 0 0 0 1 0 0 0 1 0 1 1 0 0 0 0 1 1 0 0 1 0 0 0 0 0 1 0 1 0 1 0 0 1 1 1 0 0 1 1 0 0 0 
1 0 0 1 0 0 0 0 1 1 0 0 0 1 1 1 1 0 0 1 0 0 0 0 1 0 0 1 1 0 0 0 1 0 0 1 0 0 1 0 0 0 0 0 0 1 0 1 1 0 1 0 1 1 1 0 1 0 0 0 0 0 1 0 1 0 0 1 0 0 1 1 0 0 1 0 1 0 0 0 0 1 1 0 0 1 0 0 0 0 0 0 0 1 0 1 0 0 0 0 
1 0 1 0 0 0 1 1 0 0 1 0 1 0 1 0 0 0 1 0 0 1 0 1 1 1 0 0 1 0 0 0 0 1 0 0 0 0 0 1 0 0 1 0 0 0 0 0 0 0 1 0 1 0 0 1 0 0 0 0 0 0 1 0 0 0 1 0 0 0 0 0 0 0 0 1 0 0 0 0 0 0 0 0 0 0 1 1 0 1 0 0 0 0 0 0 0 0 0 0 
0 0 0 0 0 0 0 0 1 0 0 0 0 1 1 0 0 1 0 0 0 0 0 0 0 0 1 0 0 0 0 0 1 1 0 1 1 0 0 0 1 0 0 0 1 0 0 0 0 0 1 0 1 1 0 0 1 1 0 1 1 0 0 0 1 0 0 0 0 1 1 0 1 0 0 0 1 0 0 0 0 0 1 1 0 0 0 0 0 0 1 1 0 0 0 0 0 1 0 1 
0 0 0 0 0 0 0 0 0 1 0 0 1 0 0 1 0 0 0 1 0 0 1 0 0 0 0 0 1 1 0 0 1 0 0 0 0 1 0 0 0 0 1 0 0 1 1 0 1 0 1 0 1 1 0 0 1 0 0 0 1 0 0 1 0 0 0 1 0 1 0 0 0 0 0 0 0 0 0 0 0 0 0 0 1 0 0 1 1 0 0 0 0 0 0 0 1 1 1 0 
0 1 0 0 0 0 0 0 0 0 0 0 0 0 0 0 1 1 1 0 0 0 0 0 0 0 1 1 0 0 1 0 0 1 0 0 0 0 0 0 0 0 0 0 0 0 1 0 0 0 1 1 1 0 1 1 0 0 0 0 0 0 0 0 0 0 0 0 0 0 1 0 0 0 1 0 0 0 0 0 0 0 1 0 1 0 1 0 0 1 0 0 0 0 0 0 0 0 0 1 
1 0 0 0 0 1 0 0 0 0 0 1 0 0 1 1 1 1 1 0 0 0 1 0 0 0 0 1 0 0 1 0 0 1 0 0 0 0 0 0 0 0 1 1 0 0 0 0 0 1 0 1 1 0 0 0 1 0 0 0 1 0 0 1 1 0 0 0 0 1 0 0 0 0 0 0 0 1 0 1 1 0 0 0 0 0 1 0 0 0 0 0 1 1 1 1 0 1 0 0 
0 1 1 0 0 0 1 0 1 0 0 0 0 0 1 0 0 0 0 0 1 0 1 0 0 1 0 0 0 0 1 1 0 0 0 0 0 1 0 0 1 1 0 0 0 0 0 0 1 0 0 0 1 0 0 0 0 1 0 0 1 0 1 0 1 1 0 0 1 0 0 0 1 1 0 0 0 0 1 0 0 1 0 0 1 0 0 1 0 0 0 0 0 0 1 1 0 0 0 0 
1 0 0 1 1 0 1 0 1 0 0 0 1 0 1 0 1 0 0 0 0 1 0 0 1 0 1 0 1 0 0 1 0 0 1 0 1 1 1 0 1 0 0 1 0 0 1 0 0 1 1 0 0 1 0 0 0 1 0 0 0 1 1 1 0 0 0 1 0 0 1 1 0 1 0 0 1 0 0 0 0 0 1 0 0 1 0 0 0 0 0 0 0 0 0 0 0 0 0 1 
0 0 0 1 0 1 1 0 0 0 0 1 0 0 0 0 1 1 1 0 0 0 0 0 0 1 0 0 1 1 0 1 1 1 0 0 1 0 1 0 0 0 0 0 0 1 0 0 1 1 1 1 0 0 0 0 0 1 1 0 0 1 0 0 0 0 0 0 1 0 1 0 1 0 0 0 1 1 0 0 0 1 1 0 0 1 0 0 0 0 0 0 0 1 0 0 1 1 0 0 
0 0 0 0 1 0 1 0 1 0 1 0 0 0 0 0 0 0 0 0 0 1 1 0 1 0 1 0 0 0 1 0 0 1 0 0 1 0 1 0 0 1 0 0 0 0 0 0 1 1 1 1 0 0 0 0 1 0 0 0 1 1 0 0 0 0 0 0 0 0 0 0 1 1 0 0 1 0 1 0 1 1 1 0 0 0 0 0 1 0 0 0 0 0 0 0 0 1 0 0 
0 0 0 0 0 0 1 0 0 0 0 0 0 0 1 0 0 0 0 0 1 0 1 0 1 0 0 0 0 1 0 1 0 1 0 1 0 1 1 0 1 0 0 0 1 0 1 1 0 0 0 1 0 0 0 0 0 1 1 0 1 0 0 1 0 0 0 0 0 0 0 1 1 0 0 1 0 0 1 0 1 1 0 1 0 0 0 0 1 0 0 1 0 0 0 1 0 0 0 1 
1 1 0 1 0 0 1 0 0 0 1 1 0 0 0 0 1 1 1 0 0 1 1 1 1 1 0 1 0 0 0 1 0 1 0 0 0 0 0 0 0 0 1 0 0 1 0 0 0 0 0 1 1 0 1 0 0 0 0 0 0 0 1 0 1 0 0 0 1 0 0 0 0 0 1 1 1 1 0 0 0 0 0 0 0 0 0 0 1 1 0 0 0 0 0 0 0 0 0 1 
1 0 0 0 1 0 1 1 1 0 0 0 0 0 0 0 0 0 1 1 0 0 0 0 0 0 0 0 0 0 0 1 0 1 0 0 0 0 1 0 0 1 1 0 0 0 0 1 0 0 0 1 0 0 0 0 0 1 1 0 1 0 1 1 1 0 1 0 0 1 1 0 1 0 1 0 0 0 0 0 0 0 1 1 0 0 0 0 1 1 0 0 0 1 0 0 0 1 0 0 
0 0 1 0 1 1 1 1 0 0 0 1 1 0 0 0 1 1 0 0 0 0 1 0 1 0 0 0 1 0 0 1 0 0 1 0 0 0 1 0 0 1 0 0 0 0 0 1 0 0 0 0 0 1 0 0 1 0 1 0 0 1 0 0 1 1 0 0 0 0 0 0 0 1 0 0 1 0 0 1 0 0 1 0 0 0 1 0 0 0 0 1 0 0 0 0 0 0 1 0 
0 0 0 0 0 0 0 0 0 0 0 1 1 0 0 0 0 0 0 0 0 0 1 1 0 1 1 0 1 0 0 1 0 0 1 0 0 0 1 1 1 0 0 1 0 1 1 1 1 0 0 1 0 0 1 1 0 1 0 1 0 0 1 0 0 0 0 1 0 0 0 1 0 0 0 0 0 0 0 0 0 0 0 0 0 1 1 0 1 0 0 1 1 0 0 1 0 0 0 1 
1 0 0 1 1 1 1 0 1 0 0 0 0 1 0 0 0 1 0 0 0 1 0 1 1 0 1 0 1 0 0 1 0 1 0 0 0 0 0 0 1 0 0 0 1 1 0 0 0 0 0 0 1 0 1 0 0 1 1 0 0 1 1 0 0 0 1 0 0 0 0 1 0 0 0 0 0 0 1 1 1 1 0 0 0 0 1 0 0 0 0 0 0 0 0 0 1 0 0 1 
0 1 0 0 0 1 1 0 0 0 1 0 0 0 0 0 1 0 0 0 0 0 1 1 1 0 1 0 0 0 0 0 0 0 0 0 1 0 1 0 0 0 0 0 1 0 1 0 0 0 0 0 0 0 1 0 1 0 0 1 0 0 0 0 1 1 0 1 1 0 0 0 0 0 1 0 0 1 1 1 0 0 0 0 0 1 0 1 0 0 1 0 0 1 1 0 0 1 1 0 
